0 0.277000 0.255162 0.142000 0.168142
0 0.362000 0.392330 0.060000 0.058997
0 0.644000 0.328909 0.072000 0.120944
0 0.082000 0.362832 0.068000 0.070796
1 0.125000 0.464602 0.066000 0.132743
1 0.424000 0.449853 0.040000 0.079646
1 0.450000 0.411504 0.060000 0.079646
4 0.047000 0.911504 0.054000 0.100295
4 0.106000 0.853982 0.044000 0.050147
4 0.639000 0.921829 0.058000 0.038348
4 0.355000 0.800885 0.034000 0.032448
4 0.408000 0.815634 0.032000 0.044248
6 0.544000 0.612094 0.244000 0.616519
6 0.239000 0.646018 0.374000 0.696165
