0 0.312000 0.468000 0.060000 0.050667
0 0.043000 0.456000 0.086000 0.064000
0 0.532000 0.472000 0.040000 0.042667
0 0.808000 0.468000 0.036000 0.034667
0 0.704000 0.476000 0.032000 0.034667
0 0.729000 0.476000 0.030000 0.034667
0 0.649000 0.484000 0.030000 0.040000
0 0.765000 0.480000 0.022000 0.026667
1 0.313000 0.728000 0.030000 0.042667
4 0.558000 0.828000 0.028000 0.045333
4 0.360000 0.940000 0.052000 0.066667
4 0.505000 0.872000 0.050000 0.032000
4 0.684000 0.792000 0.028000 0.048000
4 0.787000 0.776000 0.026000 0.016000
4 0.819000 0.804000 0.026000 0.018667
4 0.618000 0.828000 0.028000 0.029333
4 0.255000 0.992000 0.054000 0.010667
4 0.757000 0.724000 0.014000 0.018667
4 0.720000 0.748000 0.024000 0.029333
5 0.041000 0.660000 0.086000 0.296000
5 0.300000 0.652000 0.108000 0.258667
5 0.530000 0.600000 0.092000 0.181333
5 0.639000 0.600000 0.070000 0.149333
5 0.707000 0.576000 0.054000 0.133333
5 0.809000 0.576000 0.058000 0.133333
