0 0.788000 0.177285 0.084000 0.083102
0 0.747000 0.282548 0.078000 0.083102
0 0.884000 0.185596 0.068000 0.072022
0 0.606000 0.268698 0.076000 0.094183
1 0.745000 0.562327 0.046000 0.066482
1 0.570000 0.418283 0.064000 0.049861
1 0.644000 0.554017 0.048000 0.044321
1 0.692000 0.559557 0.032000 0.066482
4 0.703000 0.862881 0.074000 0.036011
4 0.607000 0.770083 0.050000 0.033241
4 0.528000 0.775623 0.044000 0.038781
4 0.816000 0.880886 0.040000 0.027701
6 0.783000 0.565097 0.186000 0.637119
6 0.591000 0.516620 0.170000 0.445983
6 0.900000 0.475069 0.112000 0.468144
