4 0.141000 0.860000 0.042000 0.018667
4 0.285000 0.860000 0.034000 0.018667
4 0.344000 0.856000 0.028000 0.021333
4 0.655000 0.808000 0.026000 0.016000
4 0.095000 0.864000 0.026000 0.021333
4 0.735000 0.804000 0.026000 0.018667
4 0.368000 0.845333 0.032000 0.016000
4 0.692000 0.804000 0.024000 0.018667
4 0.582000 0.820000 0.020000 0.018667
4 0.771000 0.812000 0.018000 0.018667
4 0.789000 0.792000 0.022000 0.010667
4 0.450000 0.848000 0.040000 0.021333
4 0.248000 0.868000 0.028000 0.018667
4 0.614000 0.829333 0.024000 0.016000
