0 0.828750 0.538333 0.057500 0.056667
4 0.595000 0.881667 0.025000 0.023333
4 0.972500 0.841667 0.030000 0.030000
4 0.743750 0.941667 0.022500 0.030000
4 0.705000 0.916667 0.050000 0.026667
4 0.918750 0.825000 0.032500 0.023333
4 0.776250 0.973333 0.052500 0.026667
4 0.653750 0.871667 0.032500 0.023333
4 0.376250 0.881667 0.042500 0.036667
4 0.435000 0.798333 0.015000 0.023333
4 0.223750 0.905000 0.042500 0.030000
4 0.486250 0.878333 0.017500 0.030000
4 0.291250 0.826667 0.037500 0.026667
4 0.846250 0.986667 0.022500 0.020000
4 0.260000 0.893333 0.055000 0.020000
4 0.987500 0.890000 0.020000 0.020000
4 0.446250 0.876667 0.037500 0.026667
4 0.325000 0.866667 0.020000 0.026667
6 0.148750 0.676667 0.097500 0.400000
