0 0.131403 0.430000 0.048998 0.040000
0 0.634744 0.420000 0.040089 0.053333
0 0.363029 0.376667 0.048998 0.040000
0 0.494432 0.396667 0.048998 0.066667
0 0.299555 0.435000 0.037862 0.030000
0 0.792873 0.426667 0.044543 0.066667
1 0.891982 0.618333 0.024499 0.036667
1 0.436526 0.548333 0.022272 0.030000
1 0.206013 0.561667 0.024499 0.043333
1 0.755011 0.501667 0.022272 0.036667
1 0.429844 0.425000 0.040089 0.030000
1 0.748330 0.536667 0.022272 0.026667
4 0.351893 0.873333 0.044543 0.026667
4 0.296214 0.868333 0.040089 0.030000
4 0.808463 0.810000 0.048998 0.020000
4 0.526726 0.845000 0.037862 0.030000
6 0.524499 0.631667 0.167038 0.430000
6 0.143653 0.673333 0.126949 0.400000
6 0.831849 0.643333 0.140312 0.393333
6 0.661470 0.615000 0.155902 0.310000
6 0.390869 0.683333 0.064588 0.320000
