4 0.322000 0.722222 0.024000 0.021021
4 0.685000 0.786787 0.046000 0.024024
4 0.274000 0.722222 0.020000 0.033033
4 0.481000 0.713213 0.018000 0.027027
4 0.726000 0.816817 0.028000 0.030030
4 0.782000 0.734234 0.024000 0.027027
4 0.371000 0.674174 0.018000 0.021021
4 0.534000 0.720721 0.032000 0.024024
4 0.341000 0.668168 0.030000 0.021021
4 0.580000 0.728228 0.016000 0.021021
4 0.439000 0.705706 0.038000 0.024024
4 0.628000 0.765766 0.036000 0.024024
4 0.427000 0.678679 0.022000 0.024024
4 0.599000 0.749249 0.046000 0.021021
4 0.659000 0.672673 0.022000 0.024024
