0 0.500000 0.449102 0.044000 0.047904
0 0.174000 0.516467 0.036000 0.038922
0 0.374000 0.649701 0.032000 0.041916
0 0.308000 0.507485 0.020000 0.026946
0 0.757000 0.462575 0.018000 0.020958
4 0.506000 0.919162 0.016000 0.029940
4 0.332000 0.806886 0.028000 0.020958
4 0.661000 0.800898 0.018000 0.026946
4 0.526000 0.964072 0.028000 0.029940
4 0.193000 0.859281 0.018000 0.029940
4 0.368000 0.779940 0.012000 0.026946
4 0.697000 0.982036 0.026000 0.029940
4 0.560000 0.811377 0.016000 0.017964
4 0.720000 0.941617 0.012000 0.026946
