0 0.123000 0.231928 0.078000 0.078313
0 0.492000 0.250000 0.064000 0.060241
0 0.842000 0.259036 0.076000 0.072289
0 0.618000 0.305723 0.060000 0.069277
0 0.293000 0.246988 0.066000 0.072289
4 0.650000 0.941265 0.056000 0.069277
4 0.600000 0.957831 0.032000 0.072289
4 0.346000 0.986446 0.040000 0.021084
4 0.458000 0.942771 0.032000 0.108434
4 0.513000 0.936747 0.054000 0.108434
6 0.107000 0.667169 0.186000 0.653614
5 0.295000 0.495482 0.158000 0.310241
5 0.620000 0.515060 0.120000 0.271084
5 0.469000 0.492470 0.142000 0.286145
