4 0.533000 0.972414 0.054000 0.036782
4 0.032000 0.974713 0.044000 0.036782
4 0.647000 0.896552 0.026000 0.022989
4 0.699000 0.890805 0.046000 0.025287
4 0.297000 0.988506 0.046000 0.013793
4 0.584000 0.864368 0.040000 0.022989
4 0.426000 0.874713 0.028000 0.025287
4 0.165000 0.888506 0.042000 0.025287
4 0.732000 0.798851 0.020000 0.016092
4 0.470000 0.988506 0.032000 0.018391
4 0.920000 0.870115 0.052000 0.029885
4 0.542000 0.872414 0.020000 0.016092
4 0.090000 0.950575 0.060000 0.039080
4 0.114000 0.898851 0.040000 0.027586
4 0.375000 0.786207 0.038000 0.022989
4 0.757000 0.791954 0.030000 0.016092
4 0.135000 0.858621 0.038000 0.029885
4 0.403000 0.788506 0.022000 0.022989
4 0.978000 0.888506 0.020000 0.029885
4 0.048000 0.916092 0.016000 0.025287
4 0.264000 0.910345 0.016000 0.018391
4 0.534000 0.920690 0.012000 0.016092
6 0.270000 0.788506 0.136000 0.418391
6 0.675000 0.734483 0.106000 0.328736
6 0.501000 0.790805 0.122000 0.400000
6 0.571000 0.720690 0.090000 0.301149
6 0.059000 0.766667 0.118000 0.425287
