0 0.629000 0.513514 0.038000 0.048048
0 0.756000 0.540541 0.032000 0.036036
0 0.377000 0.527027 0.030000 0.039039
4 0.762000 0.900901 0.028000 0.030030
4 0.709000 0.900901 0.018000 0.024024
4 0.661000 0.932432 0.034000 0.027027
4 0.221000 0.954955 0.030000 0.030030
4 0.564000 0.959459 0.044000 0.027027
4 0.617000 0.939940 0.018000 0.024024
4 0.532000 0.972973 0.032000 0.036036
4 0.483000 0.890390 0.042000 0.027027
4 0.442000 0.896396 0.016000 0.033033
4 0.028000 0.980480 0.052000 0.021021
4 0.495000 0.858859 0.014000 0.018018
4 0.358000 0.935435 0.020000 0.027027
