0 0.227000 0.279279 0.038000 0.042042
0 0.328000 0.303303 0.036000 0.042042
0 0.770000 0.286787 0.052000 0.051051
0 0.424000 0.304805 0.040000 0.045045
0 0.728000 0.309309 0.036000 0.042042
0 0.533000 0.295796 0.038000 0.039039
0 0.597000 0.286787 0.034000 0.039039
0 0.560000 0.319820 0.020000 0.027027
0 0.646000 0.307808 0.028000 0.033033
0 0.495000 0.297297 0.034000 0.030030
0 0.615000 0.312312 0.042000 0.042042
4 0.794000 0.824324 0.028000 0.039039
4 0.494000 0.725225 0.032000 0.027027
4 0.302000 0.696697 0.020000 0.036036
4 0.198000 0.705706 0.020000 0.030030
4 0.393000 0.714715 0.026000 0.030030
4 0.341000 0.684685 0.022000 0.030030
4 0.740000 0.789790 0.056000 0.036036
4 0.466000 0.642643 0.032000 0.030030
4 0.435000 0.704204 0.034000 0.021021
4 0.612000 0.752252 0.052000 0.027027
4 0.646000 0.780781 0.028000 0.036036
4 0.714000 0.659159 0.036000 0.027027
4 0.231000 0.687688 0.034000 0.024024
4 0.553000 0.731231 0.018000 0.027027
4 0.581000 0.702703 0.038000 0.024024
4 0.551000 0.729730 0.022000 0.036036
