0 0.468000 0.375698 0.044000 0.041899
0 0.600000 0.364525 0.044000 0.047486
0 0.371000 0.384078 0.074000 0.075419
0 0.681000 0.402235 0.030000 0.033520
1 0.623000 0.576816 0.022000 0.036313
1 0.570000 0.571229 0.012000 0.030726
1 0.715000 0.539106 0.014000 0.027933
1 0.388000 0.730447 0.032000 0.047486
1 0.506000 0.593575 0.016000 0.030726
1 0.321000 0.656425 0.018000 0.039106
1 0.433000 0.569832 0.010000 0.027933
1 0.660000 0.513966 0.012000 0.022346
1 0.325000 0.657821 0.026000 0.041899
4 0.459000 0.846369 0.038000 0.072626
4 0.341000 0.955307 0.070000 0.055866
4 0.563000 0.747207 0.042000 0.025140
4 0.626000 0.727654 0.020000 0.019553
4 0.477000 0.751397 0.022000 0.027933
4 0.673000 0.652235 0.022000 0.019553
4 0.692000 0.656425 0.012000 0.027933
6 0.392000 0.695531 0.164000 0.497207
6 0.604000 0.576816 0.104000 0.332402
6 0.689000 0.540503 0.074000 0.215084
6 0.474000 0.582402 0.092000 0.326816
