0 0.124272 0.363333 0.046602 0.046667
0 0.393204 0.315000 0.048544 0.050000
0 0.754369 0.321667 0.075728 0.083333
0 0.527184 0.313333 0.040777 0.046667
0 0.578641 0.370000 0.058252 0.060000
0 0.338835 0.360000 0.040777 0.053333
0 0.478641 0.326667 0.036893 0.040000
0 0.057282 0.395000 0.025243 0.030000
0 0.673786 0.258333 0.073786 0.123333
0 0.269903 0.350000 0.054369 0.060000
1 0.458252 0.638333 0.027184 0.063333
1 0.177670 0.630000 0.017476 0.040000
1 0.361165 0.656667 0.023301 0.060000
1 0.531068 0.711667 0.025243 0.063333
1 0.257282 0.430000 0.025243 0.053333
1 0.642718 0.711667 0.019417 0.063333
4 0.126214 0.880000 0.023301 0.040000
4 0.185437 0.855000 0.044660 0.030000
4 0.448544 0.896667 0.031068 0.066667
4 0.311650 0.958333 0.033010 0.050000
4 0.512621 0.833333 0.034951 0.040000
4 0.568932 0.956667 0.058252 0.046667
4 0.554369 0.835000 0.017476 0.030000
4 0.681553 0.958333 0.042718 0.036667
4 0.272816 0.946667 0.025243 0.040000
4 0.326214 0.826667 0.023301 0.033333
4 0.377670 0.908333 0.040777 0.056667
4 0.625243 0.983333 0.031068 0.026667
4 0.054369 0.666667 0.023301 0.020000
4 0.463107 0.791667 0.017476 0.030000
4 0.497087 0.795000 0.019417 0.030000
5 0.124272 0.520000 0.081553 0.160000
5 0.052427 0.483333 0.038835 0.093333
5 0.263107 0.551667 0.083495 0.170000
5 0.398058 0.501667 0.089320 0.170000
5 0.337864 0.508333 0.054369 0.150000
5 0.525243 0.468333 0.056311 0.123333
5 0.581553 0.576667 0.087379 0.200000
5 0.738835 0.575000 0.122330 0.290000
5 0.678641 0.425000 0.075728 0.190000
