4 0.467000 0.768000 0.038000 0.037333
4 0.531000 0.761333 0.050000 0.040000
4 0.959000 0.876000 0.038000 0.050667
4 0.218000 0.768000 0.044000 0.037333
4 0.632000 0.728000 0.028000 0.037333
4 0.661000 0.676000 0.026000 0.034667
4 0.805000 0.916000 0.074000 0.034667
4 0.753000 0.812000 0.054000 0.029333
4 0.282000 0.788000 0.036000 0.029333
4 0.596000 0.732000 0.028000 0.040000
4 0.385000 0.764000 0.046000 0.029333
4 0.340000 0.776000 0.052000 0.026667
4 0.048000 0.833333 0.048000 0.024000
4 0.412000 0.576000 0.044000 0.021333
4 0.072000 0.812000 0.036000 0.029333
4 0.132000 0.780000 0.048000 0.034667
