0 0.569000 0.474474 0.062000 0.066066
0 0.497000 0.330330 0.050000 0.054054
0 0.441000 0.285285 0.046000 0.054054
0 0.334000 0.291291 0.052000 0.054054
0 0.092000 0.282282 0.056000 0.048048
0 0.393000 0.303303 0.050000 0.060060
0 0.363000 0.400901 0.054000 0.069069
4 0.318000 0.839339 0.060000 0.039039
4 0.122000 0.839339 0.064000 0.039039
4 0.507000 0.863363 0.070000 0.039039
4 0.369000 0.800300 0.050000 0.027027
4 0.439000 0.849850 0.062000 0.036036
4 0.404000 0.789790 0.040000 0.024024
4 0.078000 0.840841 0.024000 0.030030
4 0.427000 0.747748 0.038000 0.024024
6 0.319000 0.609610 0.174000 0.492492
