0 0.258000 0.412000 0.032000 0.029333
0 0.305000 0.452000 0.026000 0.029333
0 0.493000 0.448000 0.038000 0.032000
0 0.646000 0.420000 0.048000 0.050667
4 0.216000 0.748000 0.024000 0.024000
4 0.250000 0.745333 0.016000 0.024000
4 0.585000 0.761333 0.018000 0.024000
4 0.279000 0.700000 0.030000 0.018667
4 0.306000 0.704000 0.012000 0.021333
4 0.501000 0.768000 0.026000 0.026667
4 0.461000 0.772000 0.018000 0.029333
4 0.679000 0.776000 0.018000 0.026667
4 0.728000 0.744000 0.028000 0.016000
4 0.612000 0.812000 0.044000 0.018667
4 0.641000 0.836000 0.038000 0.034667
4 0.546000 0.748000 0.020000 0.029333
4 0.545000 0.752000 0.018000 0.021333
