0 0.406000 0.323353 0.056000 0.059880
0 0.198000 0.324850 0.068000 0.086826
0 0.838000 0.350299 0.076000 0.077844
0 0.034000 0.320359 0.072000 0.089820
0 0.588000 0.317365 0.072000 0.077844
0 0.737000 0.363772 0.054000 0.068862
0 0.967000 0.401198 0.042000 0.035928
4 0.202000 0.934132 0.064000 0.029940
4 0.361000 0.881737 0.026000 0.038922
4 0.146000 0.973054 0.032000 0.035928
4 0.418000 0.862275 0.052000 0.041916
4 0.506000 0.814371 0.040000 0.041916
4 0.455000 0.824850 0.022000 0.038922
4 0.959000 0.748503 0.018000 0.029940
4 0.680000 0.878743 0.028000 0.032934
4 0.987000 0.754491 0.022000 0.035928
6 0.163000 0.676647 0.142000 0.580838
6 0.827000 0.675150 0.162000 0.505988
6 0.583000 0.688623 0.146000 0.604790
6 0.395000 0.636228 0.138000 0.494012
0 0.512000 0.375749 0.048000 0.050898
