0 0.208333 0.150000 0.083333 0.092857
0 0.803571 0.167857 0.078571 0.078571
0 0.671429 0.178571 0.076190 0.064286
0 0.340476 0.278571 0.042857 0.042857
0 0.634524 0.248214 0.040476 0.067857
0 0.436905 0.146429 0.059524 0.064286
4 0.707143 0.905357 0.042857 0.060714
4 0.848810 0.975000 0.069048 0.042857
4 0.946429 0.744643 0.054762 0.032143
4 0.438095 0.816071 0.052381 0.060714
4 0.494048 0.835714 0.050000 0.050000
4 0.259524 0.878571 0.042857 0.042857
4 0.776190 0.921429 0.076190 0.042857
4 0.641667 0.853571 0.078571 0.042857
4 0.530952 0.683929 0.023810 0.039286
4 0.332143 0.678571 0.016667 0.042857
4 0.353571 0.680357 0.021429 0.039286
4 0.244048 0.930357 0.088095 0.046429
