0 0.338281 0.351562 0.035938 0.040625
0 0.395313 0.367188 0.028125 0.040625
0 0.557813 0.310156 0.034375 0.051563
0 0.520313 0.307031 0.037500 0.042188
0 0.439063 0.382812 0.025000 0.025000
4 0.517188 0.763281 0.025000 0.026563
4 0.464063 0.604688 0.018750 0.028125
4 0.398438 0.673438 0.021875 0.021875
4 0.439063 0.625781 0.015625 0.014063
4 0.342188 0.735938 0.021875 0.025000
4 0.542188 0.742188 0.018750 0.034375
4 0.420313 0.679688 0.018750 0.015625
4 0.573438 0.645313 0.018750 0.015625
4 0.357031 0.714063 0.017188 0.025000
