0 0.782813 0.395313 0.053125 0.068750
0 0.473438 0.223438 0.046875 0.090625
0 0.396875 0.260937 0.034375 0.043750
0 0.316406 0.247656 0.045313 0.067187
0 0.168750 0.144531 0.059375 0.089063
0 0.604688 0.289062 0.043750 0.081250
1 0.260937 0.571875 0.018750 0.040625
1 0.667188 0.635938 0.025000 0.056250
1 0.360156 0.547656 0.029688 0.035938
1 0.115625 0.560937 0.028125 0.062500
1 0.775781 0.445312 0.035938 0.040625
1 0.525000 0.503906 0.025000 0.023438
1 0.114063 0.548438 0.028125 0.087500
1 0.578125 0.435938 0.021875 0.031250
1 0.798438 0.723438 0.025000 0.040625
4 0.498438 0.743750 0.037500 0.115625
4 0.281250 0.753906 0.031250 0.101562
4 0.217188 0.776563 0.040625 0.087500
4 0.440625 0.747656 0.043750 0.107813
4 0.357031 0.751563 0.029688 0.109375
4 0.132812 0.823438 0.043750 0.125000
4 0.610938 0.703906 0.028125 0.079688
4 0.551563 0.698438 0.043750 0.087500
4 0.660938 0.765625 0.037500 0.040625
4 0.782031 0.892188 0.026563 0.028125
4 0.685156 0.781250 0.048438 0.056250
5 0.464063 0.410938 0.125000 0.268750
5 0.153906 0.367188 0.148438 0.312500
5 0.470313 0.410156 0.131250 0.260937
2 0.775781 0.447656 0.039062 0.042188
5 0.307813 0.459375 0.109375 0.253125
5 0.398438 0.403906 0.068750 0.207813
5 0.597656 0.432813 0.085938 0.196875
5 0.767188 0.582031 0.109375 0.248438
6 0.660156 0.567188 0.101562 0.365625
