0 0.345313 0.278906 0.059375 0.085938
0 0.076563 0.185938 0.059375 0.093750
0 0.479688 0.137500 0.068750 0.093750
0 0.663281 0.273438 0.085938 0.121875
0 0.217188 0.260937 0.050000 0.100000
1 0.010938 0.501563 0.021875 0.050000
1 0.129688 0.514062 0.021875 0.050000
1 0.720313 0.741406 0.065625 0.192188
1 0.414062 0.582031 0.021875 0.095313
1 0.175781 0.498438 0.020313 0.087500
1 0.501563 0.625000 0.034375 0.103125
4 0.422656 0.926563 0.067187 0.050000
4 0.114063 0.750000 0.040625 0.125000
4 0.035938 0.748438 0.053125 0.140625
4 0.487500 0.960156 0.062500 0.076563
4 0.370313 0.848438 0.034375 0.078125
4 0.304688 0.813281 0.053125 0.067187
4 0.244531 0.785156 0.035938 0.070312
4 0.191406 0.770313 0.064063 0.087500
5 0.454688 0.401563 0.128125 0.315625
5 0.217188 0.423438 0.109375 0.212500
5 0.626563 0.620313 0.240625 0.471875
5 0.082031 0.391406 0.164062 0.282813
5 0.478906 0.417188 0.145313 0.340625
5 0.350781 0.501563 0.089063 0.296875
