0 0.067778 0.620930 0.117778 0.627907
0 0.924444 0.641860 0.084444 0.511628
0 0.195556 0.611628 0.111111 0.646512
0 0.798889 0.632558 0.073333 0.483721
0 0.338889 0.630233 0.113333 0.627907
0 0.710000 0.616279 0.077778 0.553488
0 0.475556 0.639535 0.102222 0.600000
0 0.647778 0.644186 0.082222 0.553488
0 0.576667 0.646512 0.068889 0.520930
0 0.287778 0.632558 0.051111 0.465116
0 0.406667 0.632558 0.062222 0.474419
0 0.624444 0.625581 0.044444 0.525581
0 0.505556 0.620930 0.060000 0.516279
0 0.536667 0.646512 0.037778 0.446512
