0 0.285981 0.676667 0.246729 0.640000
0 0.413084 0.365000 0.119626 0.170000
0 0.539252 0.358333 0.091589 0.250000
0 0.813084 0.673333 0.254206 0.646667
0 0.603738 0.665000 0.257944 0.610000
0 0.720561 0.431667 0.106542 0.203333
0 0.134579 0.648333 0.171963 0.696667
0 0.339252 0.351667 0.072897 0.136667
0 0.036449 0.356667 0.072897 0.226667
0 0.051402 0.573333 0.106542 0.540000
0 0.627103 0.401667 0.084112 0.203333
0 0.956075 0.450000 0.084112 0.280000
0 0.216822 0.340000 0.033645 0.080000
0 0.137383 0.313333 0.095327 0.166667
