0 0.273000 0.754023 0.134000 0.487356
0 0.684000 0.712644 0.124000 0.395402
0 0.841000 0.577011 0.054000 0.119540
0 0.502000 0.766667 0.120000 0.462069
0 0.755000 0.672414 0.070000 0.278161
0 0.945000 0.706897 0.106000 0.393103
0 0.149000 0.709195 0.090000 0.383908
0 0.060000 0.742529 0.120000 0.501149
0 0.573000 0.702299 0.090000 0.360920
0 0.396000 0.658621 0.080000 0.282759
0 0.430000 0.706897 0.100000 0.356322
0 0.090000 0.717241 0.096000 0.400000
0 0.910000 0.696552 0.100000 0.303448
0 0.232000 0.726437 0.076000 0.386207
