0 0.751000 0.717718 0.102000 0.396396
0 0.633000 0.720721 0.090000 0.462462
0 0.128000 0.720721 0.124000 0.546547
0 0.922000 0.741742 0.136000 0.504505
0 0.279000 0.729730 0.114000 0.528529
0 0.544000 0.756757 0.092000 0.474474
0 0.220000 0.732733 0.104000 0.474474
0 0.410000 0.735736 0.096000 0.516517
0 0.960000 0.761261 0.076000 0.459459
0 0.365000 0.728228 0.058000 0.447447
0 0.509000 0.692192 0.054000 0.351351
0 0.038000 0.743243 0.076000 0.495495
0 0.960000 0.695195 0.076000 0.321321
0 0.463000 0.708709 0.082000 0.414414
