0 0.058000 0.553333 0.116000 0.584000
0 0.498000 0.512000 0.132000 0.554667
0 0.175000 0.504000 0.142000 0.592000
0 0.932000 0.576000 0.132000 0.656000
0 0.311000 0.512000 0.114000 0.586667
0 0.799000 0.620000 0.190000 0.621333
0 0.617000 0.456000 0.126000 0.586667
0 0.233000 0.412000 0.078000 0.536000
0 0.433000 0.364000 0.106000 0.445333
0 0.678000 0.432000 0.080000 0.528000
0 0.742000 0.500000 0.192000 0.664000
0 0.769000 0.180000 0.078000 0.141333
0 0.371000 0.488000 0.102000 0.592000
0 0.855000 0.504000 0.090000 0.576000
