0 0.848438 0.282031 0.109375 0.082813
0 0.754688 0.301563 0.056250 0.059375
0 0.223438 0.268750 0.059375 0.050000
0 0.441406 0.595313 0.051563 0.065625
0 0.476562 0.410938 0.037500 0.043750
0 0.335938 0.260937 0.090625 0.075000
0 0.182813 0.279688 0.068750 0.056250
4 0.162500 0.720313 0.068750 0.031250
4 0.351562 0.751563 0.075000 0.040625
5 0.853906 0.510938 0.204688 0.340625
5 0.146875 0.417188 0.131250 0.212500
5 0.317188 0.409375 0.156250 0.231250
5 0.545312 0.606250 0.187500 0.081250
5 0.548438 0.441406 0.103125 0.089063
5 0.760156 0.410938 0.082813 0.146875
5 0.548438 0.942188 0.181250 0.081250
0 0.441406 0.954688 0.042188 0.078125
