0 0.179000 0.150746 0.054000 0.056716
0 0.644000 0.211940 0.044000 0.053731
0 0.329000 0.162687 0.058000 0.068657
0 0.474000 0.168657 0.072000 0.086567
0 0.835000 0.168657 0.070000 0.068657
0 0.790000 0.202985 0.044000 0.053731
4 0.768000 0.789552 0.060000 0.038806
4 0.135000 0.752239 0.042000 0.041791
4 0.841000 0.831343 0.030000 0.038806
4 0.239000 0.717910 0.026000 0.038806
4 0.723000 0.701493 0.046000 0.029851
4 0.466000 0.859701 0.048000 0.065672
4 0.502000 0.898507 0.048000 0.053731
4 0.344000 0.737313 0.048000 0.041791
4 0.386000 0.759701 0.024000 0.038806
4 0.646000 0.658209 0.028000 0.032836
6 0.175000 0.477612 0.162000 0.519403
6 0.762000 0.483582 0.108000 0.447761
