0 0.357000 0.567333 0.046000 0.036000
0 0.824000 0.458667 0.040000 0.024000
0 0.498000 0.057333 0.044000 0.026667
0 0.475000 0.308667 0.034000 0.017333
4 0.810000 0.602667 0.032000 0.016000
4 0.361000 0.825333 0.058000 0.029333
4 0.878000 0.586000 0.020000 0.017333
4 0.436000 0.159333 0.044000 0.014667
4 0.454000 0.209333 0.024000 0.018667
4 0.496000 0.180667 0.020000 0.030667
6 0.828000 0.535333 0.116000 0.121333
6 0.466000 0.131333 0.140000 0.174667
6 0.410000 0.685333 0.152000 0.205333
6 0.498000 0.388667 0.076000 0.148000
