0 0.881000 0.409348 0.050000 0.042493
0 0.766000 0.406516 0.040000 0.031161
0 0.677000 0.407932 0.042000 0.039660
0 0.466000 0.347025 0.060000 0.059490
4 0.799000 0.811615 0.034000 0.025496
4 0.924000 0.913598 0.028000 0.031161
4 0.521000 0.971671 0.042000 0.039660
4 0.869000 0.876771 0.046000 0.025496
4 0.719000 0.791785 0.034000 0.031161
4 0.208000 0.883853 0.028000 0.033994
4 0.697000 0.821530 0.026000 0.028329
4 0.458000 0.985836 0.028000 0.022663
4 0.560000 0.828612 0.024000 0.031161
4 0.429000 0.811615 0.026000 0.031161
