0 0.521000 0.186186 0.042000 0.078078
0 0.402000 0.292793 0.044000 0.081081
0 0.842000 0.100601 0.032000 0.069069
0 0.875000 0.087087 0.050000 0.066066
1 0.367000 0.409910 0.030000 0.039039
1 0.545000 0.352853 0.026000 0.039039
1 0.447000 0.382883 0.034000 0.039039
1 0.843000 0.361862 0.030000 0.045045
1 0.818000 0.322823 0.036000 0.057057
1 0.501000 0.360360 0.018000 0.036036
1 0.366000 0.507508 0.020000 0.036036
4 0.366000 0.507508 0.020000 0.036036
4 0.443000 0.501502 0.046000 0.030030
4 0.501000 0.489489 0.018000 0.036036
4 0.522000 0.483483 0.028000 0.042042
4 0.891000 0.560060 0.074000 0.051051
4 0.844000 0.510511 0.036000 0.030030
4 0.857000 0.543544 0.034000 0.036036
