0 0.310000 0.125000 0.085000 0.110000
0 0.905000 0.225000 0.050000 0.070000
0 0.018750 0.116667 0.042500 0.093333
0 0.712500 0.113333 0.030000 0.040000
0 0.528750 0.206667 0.042500 0.073333
0 0.795000 0.113333 0.035000 0.040000
0 0.590000 0.193333 0.055000 0.066667
0 0.826250 0.156667 0.047500 0.066667
0 0.845000 0.138333 0.035000 0.050000
1 0.408750 0.388333 0.052500 0.050000
1 0.663750 0.333333 0.022500 0.040000
1 0.842500 0.433333 0.030000 0.046667
1 0.638750 0.386667 0.022500 0.040000
1 0.117500 0.188333 0.035000 0.056667
1 0.715000 0.341667 0.025000 0.050000
1 0.538750 0.401667 0.022500 0.036667
1 0.717500 0.331667 0.020000 0.030000
1 0.097500 0.220000 0.045000 0.040000
4 0.116250 0.750000 0.037500 0.040000
4 0.585000 0.521667 0.025000 0.030000
4 0.708750 0.421667 0.022500 0.023333
4 0.291250 0.758333 0.067500 0.043333
4 0.811250 0.573333 0.037500 0.046667
4 0.858750 0.546667 0.032500 0.040000
4 0.748750 0.528333 0.042500 0.030000
4 0.675000 0.543333 0.040000 0.026667
4 0.628750 0.548333 0.022500 0.030000
6 0.306250 0.476667 0.177500 0.600000
6 0.067500 0.461667 0.135000 0.610000
