0 0.283473 0.133028 0.035565 0.039755
0 0.882845 0.689602 0.037657 0.039755
0 0.339958 0.697248 0.035565 0.036697
0 0.644351 0.136086 0.033473 0.033639
0 0.774059 0.839450 0.033473 0.045872
0 0.420502 0.837920 0.029289 0.048930
1 0.048117 0.912844 0.016736 0.027523
1 0.339958 0.868502 0.018828 0.030581
1 0.369247 0.877676 0.014644 0.030581
1 0.257322 0.171254 0.016736 0.030581
1 0.953975 0.948012 0.012552 0.024465
4 0.240586 0.402141 0.025105 0.027523
4 0.691423 0.469419 0.043933 0.027523
4 0.270921 0.469419 0.043933 0.021407
4 0.647490 0.474006 0.039749 0.024465
6 0.279289 0.318043 0.106695 0.324159
6 0.660042 0.322630 0.098326 0.321101
6 0.415272 0.877676 0.085774 0.238532
