0 0.282500 0.426415 0.105000 0.128302
0 0.341250 0.398113 0.042500 0.049057
0 0.438750 0.433962 0.062500 0.075472
0 0.128750 0.418868 0.067500 0.067925
1 0.398750 0.607547 0.042500 0.037736
4 0.548750 0.845283 0.062500 0.045283
4 0.448750 0.916981 0.032500 0.052830
4 0.333750 0.749057 0.057500 0.041509
4 0.147500 0.862264 0.050000 0.049057
6 0.467500 0.694340 0.165000 0.407547
6 0.281250 0.754717 0.222500 0.475472
1 0.528750 0.481132 0.072500 0.094340
6 0.137500 0.639623 0.135000 0.366038
6 0.361250 0.522642 0.072500 0.207547
