0 0.352000 0.334337 0.056000 0.066265
0 0.088000 0.319277 0.076000 0.072289
0 0.459000 0.418675 0.042000 0.042169
0 0.575000 0.394578 0.038000 0.036145
0 0.900000 0.536145 0.016000 0.018072
0 0.626000 0.599398 0.032000 0.042169
1 0.173000 0.540663 0.058000 0.045181
1 0.496000 0.558735 0.024000 0.021084
4 0.165000 0.867470 0.070000 0.048193
4 0.105000 0.906627 0.070000 0.042169
4 0.354000 0.841867 0.056000 0.027108
4 0.530000 0.751506 0.036000 0.015060
4 0.320000 0.832831 0.016000 0.021084
4 0.497000 0.757530 0.038000 0.021084
6 0.563000 0.597892 0.094000 0.322289
6 0.465000 0.611446 0.070000 0.313253
5 0.334000 0.487952 0.096000 0.210843
6 0.100000 0.640060 0.144000 0.515060
6 0.896000 0.617470 0.048000 0.132530
6 0.591000 0.667169 0.070000 0.135542
