0 0.720000 0.454955 0.032000 0.033033
0 0.390000 0.405405 0.032000 0.036036
0 0.784000 0.430931 0.036000 0.039039
0 0.640000 0.421922 0.036000 0.039039
0 0.605000 0.432432 0.022000 0.030030
4 0.401000 0.818318 0.022000 0.033033
4 0.634000 0.788288 0.024000 0.033033
4 0.563000 0.752252 0.018000 0.033033
4 0.831000 0.744745 0.018000 0.024024
4 0.960000 0.803303 0.028000 0.033033
4 0.535000 0.767267 0.026000 0.027027
4 0.765000 0.827327 0.026000 0.027027
4 0.911000 0.771772 0.018000 0.036036
4 0.670000 0.791291 0.020000 0.039039
4 0.371000 0.806306 0.026000 0.045045
4 0.793000 0.801802 0.026000 0.048048
4 0.714000 0.750751 0.020000 0.066066
4 0.611000 0.707207 0.014000 0.021021
4 0.368000 0.809309 0.020000 0.039039
4 0.732000 0.764264 0.020000 0.081081
4 0.591000 0.698198 0.018000 0.021021
