0 0.196667 0.325581 0.037778 0.065116
0 0.796667 0.416279 0.028889 0.051163
0 0.067778 0.334884 0.037778 0.055814
0 0.925556 0.411628 0.042222 0.060465
0 0.337778 0.344186 0.040000 0.065116
0 0.297778 0.425581 0.026667 0.041860
0 0.570000 0.413953 0.033333 0.055814
0 0.698889 0.386047 0.033333 0.074419
0 0.450000 0.367442 0.037778 0.055814
0 0.400000 0.420930 0.026667 0.051163
0 0.490000 0.386047 0.028889 0.046512
0 0.535556 0.444186 0.026667 0.051163
0 0.653333 0.400000 0.031111 0.065116
0 0.375556 0.734884 0.017778 0.055814
0 0.628889 0.383721 0.026667 0.051163
1 0.296667 0.695349 0.020000 0.079070
4 0.355556 0.925581 0.022222 0.027907
4 0.908889 0.855814 0.013333 0.055814
4 0.185556 0.911628 0.028889 0.046512
4 0.937778 0.876744 0.022222 0.032558
4 0.493333 0.904651 0.017778 0.032558
4 0.458889 0.925581 0.028889 0.037209
4 0.557778 0.881395 0.022222 0.051163
4 0.216667 0.890698 0.020000 0.060465
4 0.590000 0.881395 0.015556 0.032558
4 0.076667 0.911628 0.020000 0.037209
4 0.315556 0.920930 0.031111 0.027907
4 0.527778 0.851163 0.015556 0.027907
4 0.066667 0.904651 0.008889 0.032558
