0 0.141000 0.344311 0.090000 0.077844
0 0.324000 0.384731 0.060000 0.080838
0 0.235000 0.302395 0.078000 0.077844
0 0.413000 0.526946 0.046000 0.077844
0 0.433000 0.582335 0.042000 0.068862
0 0.504000 0.492515 0.048000 0.068862
0 0.525000 0.452096 0.038000 0.059880
4 0.741000 0.824850 0.026000 0.044910
4 0.679000 0.904192 0.050000 0.053892
4 0.442000 0.800898 0.048000 0.032934
4 0.637000 0.883234 0.034000 0.029940
4 0.607000 0.848802 0.030000 0.038922
4 0.413000 0.844311 0.038000 0.035928
4 0.576000 0.823353 0.040000 0.023952
4 0.378000 0.931138 0.040000 0.053892
4 0.786000 0.773952 0.036000 0.032934
