0 0.177000 0.566265 0.038000 0.060241
0 0.491000 0.388554 0.030000 0.054217
0 0.877000 0.593373 0.034000 0.060241
0 0.220000 0.635542 0.040000 0.054217
0 0.360000 0.477410 0.032000 0.051205
1 0.859000 0.753012 0.022000 0.042169
1 0.353000 0.635542 0.018000 0.024096
1 0.561000 0.490964 0.022000 0.024096
1 0.233000 0.801205 0.018000 0.024096
1 0.159000 0.742470 0.030000 0.063253
4 0.287000 0.888554 0.026000 0.048193
6 0.257000 0.778614 0.090000 0.250000
6 0.519000 0.492470 0.106000 0.268072
6 0.527000 0.447289 0.050000 0.159639
6 0.398000 0.566265 0.088000 0.168675
6 0.823000 0.674699 0.082000 0.204819
4 0.536000 0.584337 0.036000 0.078313
4 0.238000 0.914157 0.036000 0.057229
