4 0.361000 0.868000 0.026000 0.029333
4 0.309000 0.824000 0.038000 0.026667
4 0.510000 0.884000 0.032000 0.034667
4 0.602000 0.896000 0.048000 0.037333
4 0.426000 0.864000 0.024000 0.026667
4 0.754000 0.885333 0.032000 0.032000
4 0.780000 0.908000 0.048000 0.040000
4 0.816000 0.932000 0.052000 0.040000
4 0.574000 0.877333 0.040000 0.032000
4 0.670000 0.888000 0.044000 0.037333
4 0.461000 0.856000 0.042000 0.032000
4 0.717000 0.865333 0.046000 0.024000
4 0.645000 0.857333 0.030000 0.024000
4 0.549000 0.832000 0.030000 0.026667
