0 0.419000 0.233735 0.050000 0.048193
0 0.805000 0.467470 0.058000 0.053012
0 0.327000 0.255422 0.054000 0.048193
0 0.725000 0.446988 0.058000 0.040964
1 0.241000 0.424096 0.030000 0.038554
4 0.778000 0.898795 0.032000 0.062651
4 0.676000 0.838554 0.040000 0.038554
4 0.729000 0.833735 0.062000 0.072289
4 0.904000 0.810843 0.028000 0.074699
4 0.500000 0.706024 0.032000 0.048193
4 0.529000 0.666265 0.054000 0.069880
6 0.341000 0.454217 0.234000 0.440964
6 0.506000 0.506024 0.112000 0.366265
6 0.818000 0.680723 0.116000 0.354217
6 0.723000 0.640964 0.118000 0.351807
