0 0.534444 0.443333 0.033333 0.040000
0 0.675556 0.396667 0.040000 0.040000
0 0.884444 0.451667 0.035556 0.036667
1 0.735556 0.625000 0.017778 0.050000
1 0.486667 0.653333 0.017778 0.033333
1 0.838889 0.653333 0.020000 0.040000
1 0.634444 0.626667 0.020000 0.053333
1 0.566667 0.681667 0.008889 0.030000
1 0.940000 0.661667 0.017778 0.023333
1 0.943333 0.656667 0.020000 0.040000
4 0.666667 0.806667 0.022222 0.066667
4 0.877778 0.833333 0.035556 0.020000
4 0.928889 0.838333 0.022222 0.023333
4 0.506667 0.806667 0.040000 0.080000
5 0.520000 0.543333 0.080000 0.153333
