0 0.774000 0.154655 0.064000 0.057057
0 0.166000 0.159159 0.072000 0.090090
0 0.449000 0.241742 0.062000 0.099099
0 0.690000 0.201201 0.036000 0.042042
0 0.653000 0.253754 0.042000 0.081081
0 0.236000 0.132132 0.056000 0.084084
1 0.815000 0.466967 0.030000 0.051051
1 0.676000 0.415916 0.024000 0.039039
1 0.781000 0.424925 0.022000 0.051051
1 0.323000 0.405405 0.026000 0.054054
1 0.248000 0.412913 0.032000 0.033033
4 0.510000 0.635135 0.052000 0.153153
4 0.793000 0.645646 0.054000 0.030030
4 0.825000 0.674174 0.070000 0.033033
4 0.231000 0.678679 0.086000 0.150150
4 0.705000 0.617117 0.054000 0.033033
6 0.816000 0.426426 0.096000 0.474474
6 0.703000 0.432432 0.094000 0.390390
4 0.145000 0.695195 0.066000 0.147147
4 0.326000 0.639640 0.072000 0.120120
4 0.273000 0.629129 0.050000 0.111111
4 0.424000 0.660661 0.052000 0.132132
