0 0.696000 0.276000 0.072000 0.056000
0 0.116000 0.296000 0.072000 0.064000
0 0.482000 0.340000 0.060000 0.050667
0 0.869000 0.288000 0.050000 0.042667
0 0.367000 0.304000 0.070000 0.069333
4 0.132000 0.889333 0.080000 0.040000
4 0.859000 0.684000 0.030000 0.029333
4 0.513000 0.776000 0.042000 0.026667
4 0.725000 0.808000 0.062000 0.032000
4 0.414000 0.864000 0.068000 0.042667
4 0.694000 0.780000 0.056000 0.034667
4 0.805000 0.668000 0.042000 0.029333
4 0.487000 0.764000 0.034000 0.018667
4 0.152000 0.836000 0.028000 0.029333
6 0.112000 0.628000 0.128000 0.541333
