0 0.099000 0.200297 0.166000 0.139466
0 0.464000 0.258160 0.076000 0.083086
0 0.662000 0.250742 0.052000 0.050445
0 0.387000 0.284866 0.042000 0.047478
0 0.889000 0.267062 0.102000 0.083086
0 0.782000 0.252226 0.076000 0.071217
0 0.586000 0.280415 0.036000 0.050445
0 0.611000 0.298220 0.022000 0.032641
0 0.152000 0.338279 0.040000 0.041543
4 0.633000 0.804154 0.026000 0.041543
4 0.288000 0.652819 0.032000 0.023739
4 0.379000 0.734421 0.026000 0.038576
4 0.708000 0.951039 0.072000 0.068249
4 0.179000 0.655786 0.034000 0.023739
4 0.356000 0.645401 0.028000 0.032641
4 0.231000 0.660237 0.022000 0.020772
4 0.232000 0.651335 0.028000 0.032641
