0 0.573000 0.385333 0.054000 0.056000
0 0.454000 0.396000 0.052000 0.050667
0 0.330000 0.420000 0.020000 0.029333
0 0.379000 0.424000 0.018000 0.026667
0 0.503000 0.404000 0.034000 0.034667
0 0.806000 0.409333 0.028000 0.024000
0 0.168000 0.348000 0.020000 0.018667
4 0.600000 0.828000 0.024000 0.029333
4 0.546000 0.868000 0.040000 0.034667
4 0.492000 0.824000 0.020000 0.026667
4 0.425000 0.869333 0.030000 0.032000
4 0.518000 0.700000 0.016000 0.024000
4 0.809000 0.688000 0.018000 0.021333
4 0.782000 0.656000 0.012000 0.026667
