0 0.674180 0.308050 0.069672 0.102167
0 0.403689 0.349845 0.040984 0.061920
0 0.106557 0.339009 0.069672 0.108359
0 0.494877 0.354489 0.038934 0.065015
1 0.715164 0.639319 0.032787 0.065015
1 0.635246 0.614551 0.036885 0.065015
1 0.072746 0.578947 0.038934 0.068111
1 0.484631 0.496904 0.022541 0.046440
1 0.132172 0.674923 0.034836 0.043344
1 0.421107 0.501548 0.022541 0.043344
1 0.506148 0.490712 0.020492 0.046440
1 0.433402 0.469040 0.022541 0.040248
4 0.723361 0.678019 0.032787 0.043344
6 0.645492 0.487616 0.204918 0.306502
6 0.126025 0.523220 0.190574 0.291022
6 0.357582 0.445820 0.112705 0.167183
5 0.542008 0.424149 0.079918 0.154799
