0 0.211000 0.495455 0.070000 0.130303
0 0.503000 0.215152 0.122000 0.230303
0 0.857000 0.072727 0.106000 0.115152
0 0.511000 0.636364 0.094000 0.133333
0 0.857000 0.103030 0.106000 0.169697
1 0.704000 0.765152 0.136000 0.209091
1 0.296000 0.646970 0.048000 0.081818
1 0.519000 0.845455 0.118000 0.109091
6 0.756000 0.565152 0.436000 0.857576
5 0.401000 0.574242 0.078000 0.166667
5 0.777000 0.422727 0.306000 0.548485
5 0.889000 0.277273 0.138000 0.209091
5 0.253000 0.565152 0.106000 0.166667
5 0.534000 0.768182 0.112000 0.178788
