0 0.981000 0.387048 0.034000 0.045181
0 0.915000 0.365964 0.038000 0.045181
4 0.140000 0.936747 0.028000 0.048193
4 0.560000 0.939759 0.024000 0.054217
4 0.980000 0.834337 0.024000 0.036145
4 0.088000 0.971386 0.024000 0.033133
4 0.264000 0.957831 0.024000 0.036145
4 0.451000 0.966867 0.046000 0.024096
4 0.520000 0.975904 0.024000 0.036145
4 0.635000 0.990964 0.026000 0.012048
4 0.732000 0.846386 0.020000 0.024096
4 0.909000 0.793675 0.022000 0.021084
4 0.237000 0.932229 0.022000 0.039157
4 0.392000 0.969880 0.028000 0.030120
4 0.315000 0.746988 0.022000 0.018072
4 0.203000 0.859940 0.026000 0.051205
4 0.666000 0.987952 0.024000 0.018072
4 0.931000 0.778614 0.014000 0.021084
4 0.586000 0.852410 0.016000 0.024096
