0 0.690123 0.362963 0.046914 0.051852
0 0.856790 0.314815 0.083951 0.074074
0 0.409877 0.370370 0.049383 0.044444
0 0.490123 0.350000 0.037037 0.040741
0 0.616049 0.411111 0.037037 0.037037
4 0.339506 0.850000 0.027160 0.033333
4 0.702469 0.875926 0.027160 0.048148
4 0.770370 0.916667 0.074074 0.040741
4 0.670370 0.814815 0.041975 0.029630
4 0.413580 0.825926 0.032099 0.029630
4 0.838272 0.959259 0.037037 0.059259
4 0.565432 0.761111 0.034568 0.025926
4 0.491358 0.744444 0.029630 0.044444
4 0.616049 0.761111 0.022222 0.025926
4 0.438272 0.762963 0.027160 0.029630
4 0.493827 0.751852 0.024691 0.029630
