0 0.304688 0.078906 0.112500 0.154688
0 0.710938 0.213281 0.146875 0.220313
0 0.598438 0.201563 0.087500 0.146875
0 0.173438 0.495313 0.021875 0.025000
1 0.278906 0.489063 0.060938 0.100000
1 0.639063 0.646875 0.081250 0.112500
1 0.692188 0.579688 0.043750 0.050000
4 0.750000 0.957813 0.059375 0.050000
4 0.703906 0.895313 0.042188 0.065625
4 0.456250 0.966406 0.090625 0.064063
4 0.395313 0.964063 0.037500 0.065625
6 0.325781 0.572656 0.414062 0.757812
6 0.179688 0.589063 0.056250 0.140625
6 0.232813 0.603906 0.043750 0.157813
