0 0.695312 0.464063 0.050000 0.056250
0 0.272656 0.504688 0.039062 0.059375
0 0.507812 0.518750 0.028125 0.025000
0 0.423438 0.728906 0.034375 0.085938
1 0.288281 0.689063 0.020313 0.031250
1 0.639063 0.739063 0.043750 0.050000
1 0.482813 0.901563 0.034375 0.068750
4 0.289062 0.860938 0.050000 0.059375
4 0.610156 0.873438 0.039062 0.043750
4 0.688281 0.916406 0.042188 0.076563
6 0.525000 0.823438 0.140625 0.337500
6 0.679688 0.735938 0.140625 0.418750
6 0.220313 0.694531 0.162500 0.370313
6 0.225781 0.682813 0.179688 0.415625
